0: 53,61,158,156,286
1: 201,223,33,292,139
2: 6,189,256,160
3: 113,215,131
4: 287,22,76,216,18,112,154
6: 2,189,228,280,135
52: 89,290,293,183
285: 235,182,95,53,179
9: 198,300,94,28,248
11: 222,281,126
12: 104,44,186,174,102
251: 156,296,63,61
51: 255,114,81,87,252
15: 101,193,180
296: 170,63,61,97,251
20: 283,249,189,171,261
18: 76,233,231,4,154
44: 104,12,219,221,102,275
21: 38,234,127,132
22: 287,4,112,177
23: 161,271,103,164,294
301: 166,137,31
61: 158,97,296,262,156,251,0
26: 268,178
28: 248,9
29: 196,116,244,119,199
30: 203,236,181,250
31: 301,259,137,167
89: 290,52,183,162
33: 1,139,183
34: 239,58,300,94,253,232
35: 86,41,237,88,150
234: 275,221,132,21,38
37: 196,119
38: 21,234,265
39: 241,105,226,186,109,174
40: 277,262,98,243,247
41: 86,35,79,190,202,237,238
274: 163,211,267,190,79
43: 214,130
45: 144,82,258,208
46: 118,111,192,200,122
86: 41,35,127,238,150,266
48: 107,282,78,149,125,163
49: 93,272,124,155,84
140: 242,263,244,124,240
53: 0,158,257,286,285,182
143: 193,297,72,243,277
273: 166,96,270,57,137
56: 207,145,264
57: 175,270,166,273
58: 34,239,232,85,284,117,123
59: 292,139,302,200,230
60: 100,171,279,64,218,205
62: 224,241,121
63: 187,296,251
64: 129,199,136,100,60,218
65: 195,135,129,119,228
66: 176,241,105
67: 208,117,217,214,130,191
68: 260,287,154,288
69: 126,134,225,169,252
70: 225,246,108,128
71: 197,113,210
72: 193,143,115,243
107: 48,282,236,148,226,78,109
74: 212,263
75: 177,130,191
76: 216,18,123,204,231,4
137: 259,168,301,273,31
78: 120,149,159,203,236,48,107
79: 41,274,190,237
125: 204,253,149,48,163,211
81: 134,229,114,269,51,252
82: 245,258,45
83: 235,259,167
84: 218,205,242,124,49,93
85: 208,151,258,239,58,117
87: 169,252,278,51
88: 288,233,237,35,150
90: 256,160,157
91: 185,246,93,106,206
92: 110,184
93: 49,272,84,205,185,91
94: 9,300,248,151,34,239
95: 235,168,285,96,179
96: 270,179,168,95,273
97: 61,297,296,170,277,262
98: 188,243,40,161,271,247
144: 45,208,214
100: 60,171,129,64,189,228
101: 187,15,180,170
102: 221,202,174,291,12,44,190
103: 164,23,289,175
104: 12,44,224,186,254
105: 241,39,66,176,173,226
106: 229,206,279,205,146,91
108: 178,227,185,246,70,128
109: 174,291,226,39,107,282,267
110: 92,213,141,268
111: 192,223,292,46,200
112: 191,217,216,4,22,177
113: 3,71,197
114: 269,249,207,145,81,255,51
115: 188,243,220,72
116: 194,29,196
117: 284,217,58,208,67,85
118: 46,298,272,185,227
119: 129,199,37,29,196,65
120: 78,149,159
121: 209,62,224
122: 200,213,46,298,165
123: 76,216,58,204,232,284
124: 155,240,140,242,84,49
126: 69,222,169,11
127: 238,132,86,21,299
128: 281,178,108,70
129: 119,199,64,65,228,100
130: 43,214,67,191,75
131: 219,254,209,215,3
132: 127,238,221,202,234,21
190: 291,274,267,102,202,41,79
134: 81,229,206,225,252,69
135: 65,280,6
136: 242,244,199,64,218
138: 192,212,276,155,240
139: 183,302,1,33,59,292
141: 230,184,162,110
142: 231,237,211
145: 56,207,114,255
146: 283,249,279,229,106,269
243: 188,115,98,72,143,277,40
148: 250,226,236,107
149: 78,120,159,48,253,125
150: 86,35,88,266
151: 245,258,248,94,239,85
152: 275,219,197
153: 266,299
154: 288,18,233,287,4,68
155: 124,240,192,138,49
156: 251,61,0
157: 90,264
158: 61,262,257,0,53
159: 78,120,149,203,198,300
160: 264,261,256,2,90
161: 23,188,98,271
162: 184,89,141
163: 211,274,267,48,282,125
164: 103,23,294,270,175
165: 268,298,213,122,178
166: 301,273,57
167: 259,83,31
168: 235,95,96,259,137
169: 87,252,126,69
170: 296,101,180,297,97
171: 100,60,279,189,20,283
172: 293,290
173: 226,105
174: 109,291,39,186,12,102
175: 289,57,103,164,270
176: 66,105
177: 75,112,191,22
178: 227,108,298,165,26,128
179: 96,294,295,285,95
180: 193,297,15,101,170
181: 30,203,198
182: 235,285,53,286
183: 139,302,33,89,52
184: 162,141,92
185: 246,91,93,272,118,227,108
186: 224,241,39,174,104,12
187: 101,63
188: 115,98,243,161
189: 6,2,228,100,171,20
191: 112,67,217,130,75,177
192: 111,138,155,46
193: 180,143,297,15,72
194: 196,116
195: 65
196: 29,194,37,116,119
197: 71,113,152,210,265
198: 9,300,181,203,159
199: 129,119,64,29,244,136
200: 213,122,111,59,292,46,230
201: 223,1
202: 221,102,190,41,238,132
203: 30,236,181,198,78,159
204: 253,232,125,211,76,123,231
205: 84,218,60,279,93,106
206: 229,106,246,91,134,225
207: 56,145,264,261,249,114
208: 67,85,258,144,45,117,214
209: 121,215,131,254
210: 265,71,197
211: 163,274,204,125,142,231
212: 74,276,240,138
213: 200,122,230,165,110
214: 43,130,144,208,67
215: 209,131,3
216: 76,123,284,217,112,4
217: 284,117,67,216,112,191
218: 84,205,64,136,242,60
219: 131,254,44,275,152
220: 115
221: 102,202,44,275,234,132
222: 225,126,11
223: 201,1,276,111,292
224: 62,186,121,104,254
225: 70,222,206,134,69
226: 148,173,105,39,107,109
227: 178,108,298,118,185
228: 6,189,65,129,100
229: 106,206,146,269,134,81
230: 141,59,302,200,213
231: 233,142,237,204,211,76,18
232: 204,253,34,58,123
233: 231,237,18,154,88,288
235: 168,285,182,95,259,83
236: 30,203,148,78,107
237: 233,142,231,41,35,79,88
238: 127,132,202,86,41
239: 34,58,94,151,85
240: 124,155,212,140,138
241: 105,39,66,62,186
242: 140,136,124,84,218
244: 263,29,199,140,136
245: 151,258,248,82
246: 185,91,206,108,70
247: 295,271,257,98,40,262
248: 28,9,94,245,151
249: 146,20,283,261,207,114,269
250: 148,30
252: 87,169,134,81,51,69
253: 204,232,125,149,34
254: 219,131,224,209,104
255: 51,145,114
256: 2,90,160
257: 295,247,262,158,53
258: 245,151,82,45,208,85
259: 137,167,235,168,83,31
260: 68,288
261: 160,264,20,249,207
262: 277,40,61,158,97,247,257
263: 244,74,140
264: 160,261,157,56,207
265: 210,197,38
266: 153,86,150
267: 163,274,282,109,291,190
268: 165,26,110
269: 114,146,249,229,81
270: 96,164,175,57,273
271: 295,247,98,23,161,294
272: 49,93,118,185
275: 234,152,44,219,221
276: 212,223,138
277: 40,262,143,297,243,97
278: 87
279: 60,171,205,146,283,106
280: 135,6
281: 128,11
282: 48,107,109,163,267
283: 146,20,249,171,279
284: 117,217,58,216,123
286: 0,53,182
287: 4,22,154,68
288: 154,88,233,68,260
289: 175,103
290: 89,52,172
291: 109,174,267,190,102
292: 59,223,1,111,139,200
293: 52,172
294: 179,23,295,271,164
295: 271,247,257,294,179
297: 193,180,143,170,277,97
298: 118,122,178,227,165
299: 153,127
300: 9,198,94,159,34
302: 139,183,59,230